0 99
0 1.95088714599609e+02
1 3.89998168945312e+02
2 5.84549316406250e+02
3 7.78563415527344e+02
4 9.71861999511719e+02
5 1.16426757812500e+03
6 1.35560314941406e+03
7 1.54569287109375e+03
8 1.73436181640625e+03
9 1.92143591308594e+03
10 2.10674340820312e+03
11 2.29011303710938e+03
12 2.47137597656250e+03
13 2.65036499023438e+03
14 2.82691455078125e+03
15 3.00086157226562e+03
16 3.17204565429688e+03
17 3.34030761718750e+03
18 3.50549218750000e+03
19 3.66744555664062e+03
20 3.82601733398438e+03
21 3.98106005859375e+03
22 4.13242919921875e+03
23 4.27998339843750e+03
24 4.42358447265625e+03
25 4.56309765625000e+03
26 4.69839257812500e+03
27 4.82934179687500e+03
28 4.95582128906250e+03
29 5.07771240234375e+03
30 5.19489794921875e+03
31 5.30726660156250e+03
32 5.41471191406250e+03
33 5.51712939453125e+03
34 5.61442089843750e+03
35 5.70649169921875e+03
36 5.79325292968750e+03
37 5.87461816406250e+03
38 5.95050781250000e+03
39 6.02084472656250e+03
40 6.08555908203125e+03
41 6.14458398437500e+03
42 6.19785937500000e+03
43 6.24532763671875e+03
44 6.28693798828125e+03
45 6.32264453125000e+03
46 6.35240625000000e+03
47 6.37618750000000e+03
48 6.39395703125000e+03
49 6.40569042968750e+03
50 6.41136718750000e+03
51 6.41097265625000e+03
52 6.40449658203125e+03
53 6.39193554687500e+03
54 6.37328955078125e+03
55 6.34856445312500e+03
56 6.31777246093750e+03
57 6.28092968750000e+03
58 6.23805810546875e+03
59 6.18918457031250e+03
60 6.13434228515625e+03
61 6.07356933593750e+03
62 6.00690722656250e+03
63 5.93440478515625e+03
64 5.85611425781250e+03
65 5.77209326171875e+03
66 5.68240527343750e+03
67 5.58711767578125e+03
68 5.48630371093750e+03
69 5.38003955078125e+03
70 5.26840917968750e+03
71 5.15149853515625e+03
72 5.02939941406250e+03
73 4.90220703125000e+03
74 4.77002197265625e+03
75 4.63294873046875e+03
76 4.49109619140625e+03
77 4.34457861328125e+03
78 4.19351171875000e+03
79 4.03801757812500e+03
80 3.87822070312500e+03
81 3.71424926757812e+03
82 3.54623583984375e+03
83 3.37431616210938e+03
84 3.19862939453125e+03
85 3.01931787109375e+03
86 2.83652709960938e+03
87 2.65040551757812e+03
88 2.46110449218750e+03
89 2.26877856445312e+03
90 2.07358447265625e+03
91 1.87568176269531e+03
92 1.67523168945312e+03
93 1.47239843750000e+03
94 1.26734802246094e+03
95 1.06024816894531e+03
96 8.51268493652344e+02
97 6.40580505371094e+02
98 4.28356811523438e+02
99 2.14771560668945e+02
